100 100
29 84 10 34 90 81 26 33 17 98 39 90 85 59 24 22 68 92 63 40 33 46 87 56 45 59 36 71 22 28 87 36 33 84 51 30 87 59 57 89 85 95 72 53 92 27 31 29 69 46 13 61 83 62 79 77 27 34 77 77 49 39 97 95 41 31 27 44 56 30 27 27 12 35 41 75 32 31 52 63 37 87 28 72 20 59 29 88 74 18 87 74 57 28 49 88 88 54 18 51
18 21 28 39 37 74 70 92 93 66 90 91 52 57 78 41 26 33 24 16 56 53 39 18 88 36 52 22 88 88 46 33 60 80 25 82 26 20 44 97 90 75 46 55 58 88 28 16 60 46 56 31 80 42 44 39 70 76 61 54 12 41 64 62 65 77 57 55 83 28 69 68 53 35 48 64 16 18 15 89 38 85 26 75 33 13 54 15 87 50 43 41 73 92 59 20 20 39 33 32
11 24 32 67 57 65 46 79 28 65 67 44 71 47 93 69 25 48 49 93 69 13 49 85 71 96 46 48 88 38 93 49 56 43 96 26 70 84 74 52 65 11 75 42 87 72 56 86 11 51 87 91 86 24 85 38 24 13 34 96 67 81 70 93 30 53 76 58 68 82 32 88 23 77 68 43 35 81 60 51 80 23 49 53 69 15 64 41 65 75 86 65 44 17 87 51 52 43 94 59
34 97 86 76 69 71 98 20 23 13 71 73 77 58 11 65 72 31 51 24 64 68 38 60 61 13 95 31 37 60 29 62 75 38 49 18 26 53 51 27 58 87 53 76 84 34 95 73 46 33 69 28 38 18 30 25 12 88 43 11 73 79 59 98 96 31 28 24 93 62 41 23 49 44 94 21 44 59 61 74 33 34 43 56 73 86 73 12 83 12 87 90 97 22 90 39 44 35 80 14
44 31 17 46 35 53 12 22 59 63 10 16 75 31 46 49 75 75 47 58 45 94 15 73 55 49 10 25 54 16 50 55 81 19 61 61 29 63 33 49 11 27 12 69 65 73 96 21 67 61 25 56 91 78 19 97 94 73 70 88 95 85 75 86 43 49 40 92 14 67 90 64 83 12 70 71 89 11 77 60 81 70 83 38 12 97 46 57 38 40 36 25 36 10 53 57 46 86 64 81
62 68 74 18 81 43 45 56 25 11 72 91 96 23 77 40 82 96 37 52 65 51 84 98 85 12 57 69 85 99 83 11 41 93 12 50 27 77 43 62 82 78 45 56 55 82 96 44 80 65 29 30 27 97 11 56 73 72 64 27 26 93 39 77 85 62 93 22 58 13 86 31 66 49 32 11 34 90 45 68 27 12 39 17 37 70 23 89 95 67 75 98 97 86 47 45 42 43 15 14
39 23 73 85 83 45 92 30 70 32 32 28 86 75 87 65 70 49 87 54 44 43 93 22 16 73 14 40 71 61 56 33 92 56 55 89 18 60 83 82 61 85 10 93 86 51 24 82 19 21 46 14 83 27 73 46 77 27 13 97 71 38 98 55 23 62 38 43 30 13 88 77 27 77 13 13 81 31 96 86 37 73 94 37 32 32 84 12 77 67 96 47 41 65 45 59 70 12 89 86
14 91 55 32 84 95 90 34 98 47 44 64 84 65 80 54 41 47 74 90 56 12 41 28 58 23 20 17 97 80 32 70 24 62 79 79 32 47 14 78 68 26 67 12 66 96 97 86 40 72 36 35 25 84 29 55 86 42 73 62 55 17 52 37 31 51 62 93 42 35 42 84 96 53 87 30 71 51 10 28 93 15 12 94 99 72 16 20 98 12 53 17 61 31 48 23 67 89 56 39
98 43 69 32 81 64 80 64 53 13 28 55 30 24 29 98 38 15 36 38 43 77 80 72 38 52 16 85 85 30 88 97 54 17 76 46 97 35 31 30 89 56 88 82 79 84 85 74 83 47 49 41 74 14 30 18 80 48 87 90 97 44 93 86 35 72 61 17 63 53 30 95 65 66 94 75 21 55 86 54 14 21 60 30 80 37 38 93 93 23 70 56 42 40 75 55 24 52 27 74
93 13 43 14 58 28 63 73 53 53 73 16 46 44 88 48 11 55 67 34 56 52 50 31 73 31 59 95 49 97 92 28 94 75 97 17 92 42 51 20 20 22 43 98 38 66 36 29 61 25 23 47 34 60 87 67 49 27 61 76 25 30 60 49 84 97 38 14 14 17 18 20 95 79 39 88 68 61 33 20 39 27 14 49 72 47 72 96 30 26 66 67 85 34 70 11 39 67 72 13
36 41 31 97 11 70 32 55 22 20 35 65 40 16 58 20 70 55 23 40 87 63 55 70 50 91 15 88 46 63 54 37 76 70 73 75 83 51 38 89 42 93 71 11 48 28 19 52 20 47 34 31 48 94 74 58 61 44 92 63 55 15 81 70 43 23 54 26 26 55 65 94 39 74 62 32 90 60 50 22 27 31 28 75 58 43 55 89 63 41 89 10 21 93 49 22 36 59 85 30
67 72 66 43 94 54 90 58 86 21 90 14 60 15 94 38 98 23 76 62 82 17 80 29 56 15 63 51 24 16 12 75 63 45 35 43 69 16 88 77 64 31 71 64 53 35 35 66 12 14 90 49 82 31 23 26 52 76 83 75 67 16 27 22 13 13 69 69 17 18 83 12 56 77 82 65 93 30 28 53 69 63 27 10 82 40 99 49 49 61 60 70 21 93 19 99 36 64 53 60
79 44 30 69 68 39 92 80 97 22 27 25 87 70 44 41 23 44 84 11 38 24 49 28 75 77 18 74 78 31 68 84 11 79 50 50 79 46 32 22 34 33 91 93 81 98 10 81 83 60 47 79 82 87 52 43 69 77 76 11 11 30 95 15 95 45 37 17 60 84 26 74 61 14 63 63 20 15 93 64 49 25 20 98 78 37 93 82 47 61 30 34 50 22 78 90 39 12 25 18
69 82 75 79 68 92 66 58 84 86 44 30 48 44 29 94 44 45 76 66 19 55 37 50 67 31 37 77 34 58 30 85 39 38 46 97 35 30 15 43 85 24 54 13 27 60 10 94 79 28 14 63 61 55 14 85 90 28 47 86 35 77 45 93 52 61 77 47 71 19 55 35 62 24 38 47 70 13 15 58 34 30 71 94 65 19 25 58 56 18 72 95 21 78 82 81 38 42 35 83
95 12 42 18 57 62 67 94 30 59 70 23 48 80 72 48 97 72 11 35 30 34 61 39 52 24 70 86 60 27 76 59 85 23 73 44 73 85 62 75 98 89 67 27 50 85 82 77 65 17 80 28 21 86 63 66 62 53 56 41 36 14 83 99 11 35 45 36 29 51 37 65 36 70 21 69 17 80 75 99 77 58 67 97 74 82 24 66 53 82 36 98 51 66 55 86 58 61 87 98
25 43 52 98 42 21 49 94 97 86 69 67 30 39 74 80 68 16 17 63 17 83 60 21 83 83 25 80 46 74 50 93 88 41 79 85 49 30 88 22 17 61 12 30 50 23 53 36 60 29 20 46 86 79 59 16 74 38 95 47 76 95 94 34 34 69 49 37 51 92 36 44 24 29 95 52 11 71 35 19 72 64 96 70 28 81 91 83 71 32 85 92 77 16 12 82 11 63 93 57
45 15 59 51 34 76 42 60 52 82 74 50 48 53 30 40 38 98 10 48 51 16 63 51 71 33 49 59 16 35 57 61 40 92 97 94 75 83 69 50 36 29 73 49 36 14 14 34 77 16 71 37 25 69 26 82 21 66 63 66 80 55 11 87 45 52 36 15 78 51 52 36 58 51 28 48 25 56 79 68 61 16 44 88 52 67 24 53 10 31 81 57 55 78 71 96 29 95 83 14
68 18 37 92 16 49 44 94 31 53 39 36 51 58 67 30 32 25 32 33 83 94 78 85 96 62 70 84 27 43 12 96 84 70 67 26 39 30 14 48 62 76 18 77 25 72 37 51 13 61 50 99 81 11 79 77 26 47 72 19 42 83 85 71 34 81 15 33 48 23 49 89 47 71 52 57 18 90 65 39 13 69 95 46 51 35 36 45 33 76 63 82 83 84 84 41 58 97 47 62
73 70 95 50 50 58 83 55 39 22 93 68 57 29 12 92 28 33 23 97 70 25 57 38 40 72 42 79 41 94 57 63 35 93 14 88 74 81 43 55 75 12 79 69 97 97 59 31 64 80 24 16 28 64 64 54 46 12 60 60 25 33 67 45 36 62 46 38 94 72 47 14 42 83 43 50 69 59 71 64 42 64 67 64 57 75 38 76 68 15 28 74 29 38 63 54 33 25 26 14
54 38 92 89 57 35 31 47 62 67 92 83 58 71 40 95 24 70 11 19 94 14 90 32 28 84 48 48 66 58 75 42 82 41 81 32 32 43 40 61 76 40 12 25 71 22 14 38 62 28 14 17 31 22 78 75 37 35 24 45 90 11 25 37 55 50 24 54 24 78 47 48 28 20 25 71 89 73 14 77 60 88 66 80 20 62 15 48 54 35 85 52 66 45 38 92 45 89 12 75
89 45 43 17 87 91 94 21 86 86 33 79 29 27 87 40 25 24 44 71 32 40 86 71 29 61 71 79 63 70 35 47 71 95 32 36 97 63 22 49 80 11 32 65 25 75 12 58 91 38 93 71 61 71 70 65 11 50 90 46 82 30 80 56 94 15 98 28 67 70 81 92 70 74 81 88 92 36 68 24 38 77 20 73 85 28 55 27 40 52 60 76 57 21 34 74 90 92 42 79
30 43 79 37 75 88 37 90 80 60 93 13 61 52 35 28 42 36 46 79 60 18 76 92 76 12 73 78 54 72 12 16 58 62 69 24 36 22 91 23 81 86 90 42 64 40 40 76 87 17 61 84 59 52 76 74 17 58 22 35 92 86 45 32 63 93 34 25 22 32 98 22 53 51 69 18 38 50 80 21 54 36 55 31 49 97 94 77 87 85 96 35 57 12 87 46 49 38 47 28
24 90 80 91 86 35 63 69 20 29 98 24 78 82 48 79 15 33 96 26 53 50 50 12 95 18 39 21 14 54 39 66 34 55 13 97 82 30 42 34 91 90 17 23 40 89 24 28 73 77 66 63 34 19 40 21 81 48 33 52 84 60 98 61 95 60 12 61 58 11 58 52 76 43 97 54 32 76 26 67 76 11 49 41 55 57 29 15 68 22 58 66 92 60 61 95 63 70 37 54
68 89 25 69 58 10 33 99 88 69 47 18 29 87 55 43 14 36 32 94 24 90 52 26 72 15 26 84 95 85 36 30 92 68 17 42 84 52 17 80 23 36 49 40 13 70 96 92 71 58 52 66 46 16 58 24 97 76 46 37 24 18 25 91 36 54 96 83 61 82 17 51 15 57 61 65 48 90 75 28 31 74 30 98 56 53 92 33 79 30 52 18 62 20 79 74 50 91 59 76
47 54 23 44 92 47 80 68 99 56 51 97 79 26 38 69 84 70 67 28 98 26 91 41 91 81 74 11 64 52 97 58 98 58 19 53 74 66 14 16 10 83 66 25 33 83 95 67 58 60 57 69 51 71 36 12 17 98 48 39 38 86 94 42 40 68 28 69 40 44 11 85 25 91 21 40 69 52 13 34 28 44 68 97 64 28 18 18 32 44 75 68 46 65 56 45 68 94 84 44
41 47 29 27 23 69 89 55 43 39 31 52 60 58 28 64 18 77 67 18 84 38 34 29 94 26 69 38 47 89 26 77 21 58 96 43 27 44 81 78 41 58 24 19 76 37 10 89 67 38 20 65 12 82 48 13 79 52 98 99 82 95 82 12 71 39 79 47 55 42 20 27 46 27 40 82 24 72 54 67 48 85 88 80 13 76 27 54 90 57 89 39 78 79 48 66 56 16 16 58
56 32 45 53 60 12 61 98 12 61 45 18 36 62 13 89 35 59 32 47 89 32 84 77 64 81 93 21 46 87 59 76 27 73 30 87 27 68 34 37 54 80 61 54 40 58 94 31 65 11 54 73 29 18 67 88 37 25 15 18 77 74 23 66 68 60 95 28 58 79 50 42 98 41 25 83 83 25 35 19 69 91 69 30 62 97 80 75 25 66 14 77 72 23 38 32 23 72 40 25
49 51 49 85 97 28 23 74 28 69 54 18 52 81 54 77 60 85 91 39 38 17 59 92 35 12 36 31 53 11 51 59 34 74 85 66 84 83 43 30 57 82 46 91 52 69 89 59 38 26 65 12 66 31 50 45 35 43 88 41 28 27 41 91 78 49 70 91 45 26 29 50 73 69 16 47 97 27 28 28 85 47 81 62 68 58 67 14 31 23 37 35 47 45 37 65 24 18 74 38
88 29 82 25 68 84 67 44 12 46 73 91 39 91 89 32 48 13 36 92 13 68 37 64 61 11 12 75 73 16 51 84 61 37 85 18 10 62 56 38 41 77 79 40 65 39 58 12 77 64 99 98 41 74 65 77 31 52 91 72 91 67 72 81 13 29 41 23 40 62 92 92 38 74 92 90 94 17 26 57 65 28 27 73 90 42 53 40 10 67 77 16 39 58 31 56 38 45 76 92
46 94 97 30 85 55 21 43 22 43 21 46 26 57 78 95 44 66 71 21 77 92 43 88 90 80 97 24 71 54 77 50 30 19 33 35 33 66 88 48 18 45 10 73 12 76 27 21 22 30 45 58 65 67 25 11 42 78 87 81 73 91 70 43 53 15 28 66 94 17 90 69 86 85 50 80 85 62 54 82 36 12 22 52 46 38 42 66 77 26 78 73 56 26 40 24 62 75 26 76
24 20 14 62 88 78 54 37 59 77 60 24 53 84 96 27 43 55 46 34 57 14 32 62 97 48 79 56 89 61 74 11 91 20 25 28 18 17 84 33 65 52 96 40 12 45 82 61 69 62 11 87 38 40 56 15 96 59 47 62 79 58 58 72 41 66 48 52 77 95 72 77 16 19 22 75 83 19 91 76 26 93 24 24 40 24 40 21 73 34 70 81 17 48 31 11 46 62 82 96
83 70 38 59 63 11 35 63 62 68 15 41 33 81 61 54 22 78 29 21 10 78 93 19 31 34 67 72 58 79 75 13 32 70 20 92 32 52 60 69 57 31 98 86 55 43 68 10 18 57 16 76 43 84 52 48 62 36 20 45 40 31 99 30 42 33 21 37 81 31 19 87 33 73 98 69 88 66 90 42 46 40 72 49 28 74 32 51 25 94 23 13 23 89 61 47 44 52 60 48
22 52 25 41 28 44 88 20 88 60 11 62 80 30 11 80 12 25 20 21 32 32 96 53 55 61 80 95 98 73 21 53 38 74 68 71 93 24 87 58 23 55 81 25 25 51 49 54 60 37 76 96 16 61 34 77 39 39 43 79 21 72 38 59 38 17 92 50 61 25 82 59 95 53 57 78 72 43 29 81 14 27 41 52 91 37 53 71 41 69 11 68 46 36 82 70 97 36 90 16
38 24 79 65 12 44 82 49 22 74 80 21 50 24 51 21 44 76 25 43 30 17 78 61 90 69 23 32 53 26 55 50 70 35 62 25 46 19 95 73 66 82 85 45 79 60 79 84 84 23 46 59 87 19 39 87 66 87 47 66 53 36 65 38 41 11 11 66 27 88 69 47 48 49 75 69 46 96 61 12 59 43 57 12 44 39 54 71 13 47 81 43 25 61 55 57 81 64 76 48
72 41 77 11 69 71 32 39 82 94 72 66 13 98 33 54 64 74 86 39 36 68 53 20 91 79 81 40 52 12 53 34 29 43 28 36 31 95 80 70 45 66 75 86 88 89 70 90 56 15 36 14 38 77 84 73 24 40 25 13 98 95 76 51 14 17 12 13 60 36 44 87 89 12 85 13 56 80 38 37 80 34 36 38 34 57 90 23 47 60 98 31 23 90 60 17 17 41 17 64
37 91 72 75 62 54 11 50 92 27 20 13 91 42 92 21 47 54 71 15 26 13 20 92 40 71 70 93 20 15 35 64 11 87 76 94 30 53 11 51 46 62 32 33 11 61 66 26 75 14 17 47 11 82 57 41 53 71 92 82 31 90 57 76 57 18 55 51 93 64 40 63 75 71 65 28 83 47 86 94 86 52 47 44 76 96 23 87 58 82 79 29 42 12 98 44 98 21 68 34
74 88 50 17 23 78 51 60 47 74 16 96 63 45 97 57 28 21 81 38 11 79 66 64 25 37 47 26 30 26 33 50 44 18 58 71 42 34 52 50 68 83 17 93 92 75 60 83 98 50 82 10 27 36 42 37 86 62 67 57 27 14 26 80 51 61 98 80 12 62 93 78 16 12 93 71 43 27 44 63 84 14 86 63 59 32 30 35 49 76 82 85 76 11 52 77 33 98 97 97
14 76 47 76 36 48 76 91 75 72 33 86 71 61 32 52 61 14 53 73 19 85 10 11 29 80 33 40 48 82 75 81 24 41 93 10 49 52 81 72 69 12 41 50 52 93 96 19 46 54 52 50 97 77 68 56 47 20 38 77 46 36 74 39 43 84 10 37 81 78 55 38 25 40 97 53 22 87 21 74 34 59 78 12 65 57 44 83 95 44 50 88 79 54 53 66 30 88 19 86
30 40 89 15 62 53 56 91 31 99 43 11 47 36 20 51 54 50 76 76 73 11 94 62 56 54 26 52 97 32 39 41 73 40 31 33 97 21 69 48 99 18 34 34 52 67 36 63 47 26 97 88 76 69 28 31 21 34 84 66 65 29 94 13 50 83 49 17 69 24 45 47 89 68 37 26 98 47 83 28 86 72 47 80 98 34 76 54 70 73 77 47 12 93 71 89 49 27 82 81
44 15 26 67 60 71 65 31 20 41 67 89 44 37 73 25 54 62 84 29 71 48 54 79 54 54 18 51 28 70 81 26 33 16 70 84 84 70 92 56 23 15 40 74 32 91 31 49 89 27 59 58 64 93 58 61 13 91 15 83 66 12 65 78 80 49 86 38 59 76 57 11 18 39 40 21 73 37 58 53 76 89 77 28 90 24 21 68 31 32 11 42 67 90 99 20 61 75 39 30
75 54 38 85 84 79 18 90 79 31 58 23 42 51 17 45 40 52 14 99 19 15 61 12 60 12 52 54 64 43 91 73 55 18 84 56 26 21 62 43 79 61 23 88 32 71 90 88 37 18 14 39 87 50 65 98 16 22 15 66 48 66 66 89 86 26 11 38 19 39 37 83 68 25 59 37 52 85 19 94 90 65 51 56 46 96 66 40 26 68 15 90 96 27 63 62 90 78 51 80
69 17 30 16 72 11 16 50 63 53 86 40 70 32 94 81 63 28 76 87 13 21 39 45 70 60 33 14 53 73 21 14 97 45 52 45 77 28 19 69 51 27 89 60 29 44 95 52 17 31 85 79 79 52 36 74 22 95 57 51 90 62 39 62 80 51 46 81 32 66 62 51 24 30 38 62 74 91 75 52 14 87 32 39 70 48 96 23 58 47 47 54 55 16 73 17 91 60 59 31
56 83 18 27 89 96 90 98 22 29 84 71 93 25 77 18 88 81 38 89 11 95 65 21 84 28 91 19 34 20 24 60 25 22 41 53 14 60 11 37 23 64 91 22 62 78 90 26 75 72 85 32 23 80 71 64 58 93 31 32 45 48 61 62 65 31 22 65 48 11 85 10 81 86 50 48 61 65 75 45 54 86 44 38 16 38 61 65 97 26 35 19 33 33 32 21 77 88 55 33
98 98 43 21 53 57 36 97 95 30 44 50 82 78 97 95 93 14 66 27 67 80 14 76 46 48 14 15 81 80 71 79 38 32 44 14 25 21 49 67 80 23 22 35 85 43 38 94 71 75 83 50 20 54 82 21 59 53 39 12 52 38 39 44 18 87 34 41 14 26 29 51 23 53 13 50 66 64 52 88 69 57 39 27 23 57 33 57 24 13 97 35 34 52 31 36 66 20 80 68
92 56 88 28 98 65 73 33 80 66 62 58 40 52 89 92 19 26 39 86 27 85 34 38 88 18 34 55 93 86 73 79 10 21 74 58 41 44 54 43 79 29 18 83 29 42 97 19 49 95 90 69 35 87 42 58 43 35 10 93 27 86 12 11 31 92 18 77 80 35 66 49 73 89 16 23 47 24 27 72 58 25 55 37 68 81 64 24 74 56 78 47 41 93 92 49 80 93 96 44
68 48 62 60 37 39 87 42 25 14 86 42 32 22 67 98 35 89 50 61 71 12 50 41 24 58 36 36 35 48 81 72 18 16 21 84 15 37 69 89 74 92 79 77 79 20 98 31 46 89 23 61 44 90 65 68 19 16 81 28 82 80 33 15 12 94 39 32 48 40 13 45 76 45 18 19 81 21 90 30 56 30 21 62 74 22 84 68 40 77 20 65 44 92 67 17 62 18 84 19
41 69 33 43 72 40 91 28 98 98 32 55 25 27 69 25 18 68 93 48 24 83 36 34 76 77 47 48 69 31 69 12 59 29 15 13 72 84 90 21 41 71 97 57 41 89 13 64 94 68 41 76 66 43 79 57 92 37 17 27 29 42 73 98 29 80 51 86 62 67 72 11 28 90 82 63 44 80 35 12 62 47 25 61 87 20 50 93 34 20 95 69 60 70 90 21 64 13 44 61
57 16 88 40 86 28 61 58 71 78 69 74 67 79 16 84 81 74 12 57 53 66 91 39 21 49 88 11 42 88 98 78 87 31 76 30 31 71 97 55 68 48 40 25 45 27 57 77 65 37 72 17 38 77 20 75 23 41 52 44 17 58 79 17 22 54 27 95 86 91 33 25 41 51 12 26 86 61 79 42 43 43 31 38 22 59 53 81 48 58 70 80 84 27 51 56 40 84 24 64
93 80 86 95 91 32 34 28 33 29 68 93 48 16 90 45 35 22 67 70 71 81 80 91 72 77 16 36 80 21 16 46 51 53 10 92 59 44 86 36 87 78 44 60 74 68 26 28 32 93 51 71 37 44 76 73 74 51 79 45 82 62 93 40 30 31 28 13 43 72 89 85 84 20 73 76 95 76 39 76 98 50 77 48 60 51 11 72 50 44 63 58 57 28 53 49 95 79 66 54
44 69 90 19 21 77 89 92 54 30 61 69 11 40 78 65 24 69 62 66 39 19 43 96 39 68 89 44 75 90 82 80 18 45 64 24 79 63 57 36 55 11 33 85 16 46 16 18 63 98 21 38 98 79 95 22 71 87 23 78 73 86 15 54 28 45 41 55 16 56 18 35 53 60 63 20 22 84 90 21 96 72 98 17 41 24 95 14 45 91 18 89 88 65 18 46 52 83 39 77
82 20 68 42 93 88 83 60 37 58 46 14 39 92 79 90 58 49 88 51 21 79 27 63 36 38 20 98 77 63 64 72 56 31 83 16 78 40 63 91 36 79 57 84 28 52 57 56 20 23 39 69 23 20 69 69 39 41 23 62 65 52 29 14 36 64 30 93 44 29 79 37 53 88 90 61 20 60 58 16 43 42 52 53 90 66 41 88 88 69 74 87 10 52 91 33 23 45 94 64
87 10 98 81 30 17 25 93 36 42 35 63 92 91 98 59 92 20 16 61 45 32 57 64 84 57 27 16 67 46 64 77 72 24 20 84 75 28 31 44 26 36 69 11 61 30 20 15 48 54 83 26 83 41 75 16 79 64 42 30 25 53 49 90 62 25 43 29 96 68 19 82 30 96 69 19 53 36 12 22 24 41 67 86 68 19 85 61 87 32 65 78 62 66 13 62 12 67 24 92
96 83 24 95 44 16 39 72 13 45 63 54 58 35 37 22 83 64 11 71 96 20 40 27 41 12 34 70 25 61 94 83 22 81 33 84 87 76 24 44 53 57 57 64 27 72 86 89 20 46 98 92 75 36 21 36 66 69 99 64 39 11 67 72 51 52 40 20 15 20 83 35 82 88 77 61 27 79 79 37 13 78 92 53 43 40 77 39 47 68 98 72 48 38 13 40 49 55 27 67
73 69 11 57 16 16 10 69 75 95 96 12 67 73 96 90 54 93 15 16 15 25 24 78 22 38 46 73 19 99 86 62 71 33 14 58 21 67 22 23 46 56 69 58 72 97 24 89 87 21 39 53 35 17 87 56 82 92 62 50 66 47 81 64 11 74 78 57 16 18 75 63 77 64 90 36 51 61 20 29 13 84 14 50 12 20 16 97 40 39 16 92 31 70 51 83 88 16 30 87
46 18 46 49 83 19 47 66 11 57 57 21 34 63 97 19 90 75 98 51 13 22 30 53 75 33 23 56 13 62 83 48 53 78 30 64 53 32 41 72 13 35 93 87 79 87 96 46 65 74 59 94 69 23 13 14 63 93 91 66 61 24 11 91 14 17 56 54 39 20 99 25 34 72 59 28 98 49 37 45 77 91 78 82 63 31 51 45 52 53 94 37 34 98 98 85 25 62 99 54
50 81 31 24 58 44 64 29 71 94 60 53 15 63 99 98 70 84 53 25 26 50 71 71 49 13 45 67 57 36 57 86 49 31 37 71 15 78 73 90 20 12 56 77 85 98 87 82 46 46 35 76 26 85 73 95 63 55 95 48 79 48 99 73 17 51 37 36 37 53 79 83 12 25 35 13 22 77 36 79 97 64 62 47 79 41 93 41 68 19 47 71 31 46 17 25 17 40 36 12
14 27 35 13 34 72 11 47 67 65 18 24 40 61 19 40 88 68 91 94 92 80 94 58 85 78 21 70 11 31 55 81 67 54 64 45 57 15 47 97 74 30 50 21 97 83 74 93 24 47 73 92 38 97 96 41 80 63 92 61 21 74 69 48 34 92 59 20 16 85 56 44 35 78 55 26 19 24 84 70 65 69 50 79 82 48 12 27 18 88 12 71 54 87 82 43 19 97 65 24
41 61 42 79 42 62 49 65 62 79 24 70 93 95 57 84 44 84 94 36 39 68 28 69 37 27 98 73 65 31 83 38 41 64 85 27 26 25 66 50 40 18 24 66 75 78 16 27 65 60 27 79 36 62 53 12 70 84 14 71 12 84 42 16 77 32 34 17 31 18 34 18 45 94 98 53 97 50 64 63 30 24 12 44 88 57 36 68 14 36 45 73 89 23 30 81 29 57 65 37
30 56 39 59 68 35 51 83 93 23 50 67 41 94 59 60 17 31 45 92 92 93 32 78 21 26 37 79 17 31 92 23 15 69 65 59 55 80 71 23 44 18 21 82 92 43 56 44 34 70 92 58 87 64 22 81 51 70 23 40 29 61 57 90 15 19 30 77 16 40 28 94 35 93 16 55 51 60 58 22 72 38 73 61 70 57 29 67 56 35 70 64 64 50 67 70 74 48 82 12
67 45 81 58 43 56 57 97 75 65 71 30 86 50 19 83 68 68 19 15 20 76 37 38 36 50 79 63 96 63 15 33 48 80 43 83 22 66 83 77 64 20 56 67 49 56 64 84 17 96 73 49 96 49 54 68 12 81 55 93 66 41 63 82 20 62 62 62 53 22 33 94 36 12 81 48 29 25 46 49 22 25 92 25 65 81 25 38 52 91 41 66 91 77 55 53 88 24 62 80
16 93 52 26 35 39 64 69 37 75 44 75 56 31 30 94 25 59 40 32 99 79 71 98 75 53 79 40 22 47 28 73 81 13 53 25 72 22 59 26 16 73 91 35 89 56 51 24 72 69 80 31 96 15 81 51 24 85 97 67 29 69 48 71 93 86 86 47 38 35 64 70 80 98 71 11 78 61 58 61 31 31 62 69 25 20 33 29 79 88 55 39 17 20 71 38 59 99 77 47
33 72 39 30 90 13 89 50 75 22 68 31 63 21 65 57 50 22 38 85 47 68 95 76 86 28 71 50 58 21 26 69 52 54 54 58 90 90 76 94 57 22 54 95 55 68 97 73 84 31 57 60 62 67 23 72 18 71 45 50 38 53 90 81 32 90 79 96 90 28 19 81 79 55 93 94 50 14 90 90 43 55 52 74 71 28 98 31 10 66 92 59 59 90 76 20 48 47 77 26
25 19 36 93 59 86 60 73 52 41 80 17 89 70 10 81 60 98 35 15 51 72 66 21 54 75 75 18 25 19 46 32 49 67 22 10 87 72 40 57 66 83 51 85 67 93 20 21 77 52 55 39 87 56 49 50 62 89 31 22 23 28 65 41 47 27 96 87 65 48 45 80 18 35 66 23 51 76 43 15 34 66 83 76 46 75 19 12 23 35 66 93 50 26 50 44 76 51 31 55
36 81 36 66 12 73 45 12 46 18 69 17 85 66 84 20 12 11 59 56 41 63 15 82 44 57 33 82 56 90 36 85 93 60 16 95 23 71 53 56 73 59 23 15 21 57 29 14 70 98 57 19 62 25 14 83 51 88 50 32 14 45 16 35 94 61 47 67 45 54 38 50 23 79 75 81 34 35 67 60 80 57 23 88 49 90 46 88 65 67 97 36 22 32 11 36 13 95 34 53
44 69 77 44 89 13 22 10 25 72 56 36 52 56 55 30 43 55 15 32 78 63 61 92 21 33 62 58 47 79 51 68 52 50 56 48 29 14 89 56 54 11 67 82 64 68 73 58 64 29 83 68 80 13 21 45 54 73 39 72 28 47 31 80 15 85 90 44 62 86 16 37 76 98 80 48 59 38 13 58 47 66 67 39 13 83 53 48 56 13 44 83 41 89 23 14 19 31 77 72
20 47 32 20 52 42 59 37 93 60 77 85 89 61 19 83 66 57 53 43 86 17 68 96 74 32 39 46 50 21 68 72 82 83 15 50 65 34 37 71 73 91 39 89 69 95 22 17 16 69 12 58 11 40 70 32 28 28 67 71 45 32 46 29 39 71 21 87 82 73 47 61 53 15 65 91 60 99 23 12 18 17 32 42 88 16 83 67 29 61 45 10 94 50 53 98 66 74 97 33
33 53 77 54 81 90 75 80 77 14 60 86 39 38 53 55 89 76 43 35 89 42 93 12 28 24 80 88 77 44 64 40 68 16 41 54 33 83 67 23 46 99 42 93 51 58 76 98 98 95 40 30 12 46 99 71 92 91 76 93 63 94 29 17 62 76 90 35 78 26 61 80 51 88 65 81 31 74 45 18 23 17 70 47 61 29 67 25 62 81 99 69 42 43 44 63 26 58 18 19
89 19 56 30 73 85 75 38 51 92 76 95 13 61 60 22 86 84 11 54 27 97 17 93 31 33 90 77 91 19 58 38 68 61 92 73 90 95 53 82 76 21 38 79 30 65 47 83 91 32 75 13 73 35 30 64 35 86 60 29 70 49 13 84 78 55 54 72 61 32 59 82 60 50 13 98 48 33 76 38 18 25 21 37 49 37 64 51 14 50 27 80 55 41 55 77 92 96 38 84
29 83 76 39 41 91 98 84 94 54 78 44 61 78 59 22 41 14 29 64 91 47 17 17 52 41 85 10 60 21 11 88 58 77 58 73 10 56 89 13 81 34 62 35 29 60 18 68 80 31 74 37 31 15 13 55 17 19 43 77 60 29 62 69 93 48 78 82 37 55 27 29 40 13 71 21 11 17 45 99 13 76 40 95 42 88 38 49 95 81 45 38 22 58 86 70 88 27 23 28
66 67 61 73 85 41 79 97 16 41 66 26 48 65 94 20 18 15 24 90 38 44 66 83 88 72 47 28 44 43 55 56 28 46 82 93 85 40 97 36 12 68 64 11 42 26 94 17 11 12 39 85 40 43 98 23 49 20 74 88 72 44 26 18 39 42 78 46 72 23 21 61 91 95 62 30 19 37 37 50 79 78 57 63 65 13 93 57 88 43 81 75 75 74 93 28 45 66 86 37
96 19 53 97 64 13 35 94 10 82 16 56 71 88 25 64 39 60 67 99 87 10 13 67 64 84 46 36 45 61 15 76 65 46 87 41 70 23 55 96 40 87 69 63 42 90 88 11 60 29 75 16 17 40 83 37 27 14 32 83 33 37 75 61 90 21 33 81 68 91 82 30 63 58 94 74 11 19 15 85 75 50 97 68 30 35 19 45 47 90 71 40 11 28 85 79 15 41 68 18
38 24 96 62 55 79 80 91 15 71 51 26 19 34 29 76 29 86 46 55 76 49 13 27 23 89 73 66 38 19 14 36 51 98 27 71 95 53 42 89 57 70 64 69 18 48 28 44 34 44 70 35 28 18 72 97 56 59 83 67 44 16 40 38 83 72 20 38 71 89 72 86 80 82 13 76 47 22 60 53 19 37 59 40 49 32 26 27 79 80 98 87 14 76 73 76 69 31 11 53
80 28 43 69 97 49 21 26 74 20 66 86 27 14 30 48 28 50 28 61 34 21 60 19 65 69 98 34 69 61 86 79 29 29 67 30 21 95 28 57 54 60 46 71 40 76 38 42 43 85 44 58 52 10 45 90 72 85 16 53 30 14 19 96 65 78 32 29 21 72 24 78 67 78 12 52 57 44 90 86 37 71 17 48 79 64 87 61 67 72 14 72 18 89 59 37 27 10 33 70
93 98 90 61 31 52 53 66 68 21 63 85 57 78 28 46 70 62 37 83 38 58 67 34 62 39 95 17 83 77 39 37 80 93 87 98 78 27 71 54 21 11 82 16 51 62 83 89 46 52 59 75 25 97 34 22 14 81 17 40 94 21 75 77 79 93 98 77 90 56 25 81 53 78 18 29 73 18 37 64 99 85 93 25 89 12 56 20 32 30 51 32 50 54 93 44 85 62 47 27
78 75 79 74 66 42 55 87 63 44 62 75 86 46 47 52 12 74 46 36 27 91 86 86 54 32 15 76 11 10 34 87 31 93 94 94 83 42 61 55 84 83 60 30 44 44 44 31 82 83 81 24 63 61 39 54 76 36 57 43 76 17 57 74 45 92 35 22 73 35 88 34 30 20 43 56 59 88 71 33 92 41 19 65 16 44 49 25 68 43 63 68 41 17 69 50 86 37 40 70
39 50 96 34 53 58 81 94 50 63 29 90 70 13 24 35 39 52 77 79 82 29 34 45 27 26 42 42 94 80 68 97 70 51 94 69 42 76 45 17 65 92 47 98 85 15 37 36 13 22 36 28 61 60 15 81 75 28 54 77 17 57 73 58 81 68 46 12 17 62 68 73 76 73 88 86 84 19 95 54 91 40 75 43 84 69 85 83 71 80 40 77 71 89 44 49 12 49 52 48
83 78 98 85 96 61 81 28 52 64 84 89 18 70 35 50 48 65 54 80 39 31 87 51 85 54 75 96 53 50 32 47 98 90 32 39 11 30 18 99 44 21 56 73 78 89 99 10 84 14 75 16 47 19 53 87 48 34 76 63 91 89 57 29 51 77 89 41 61 70 70 49 46 34 49 73 12 87 91 53 72 87 51 80 35 73 90 47 64 58 48 86 83 90 70 90 91 25 28 19
18 51 13 44 24 80 35 45 11 89 54 11 45 33 80 98 33 73 25 70 55 13 77 24 80 16 69 39 87 46 55 71 83 41 72 88 52 82 13 43 78 84 19 24 62 30 77 51 77 35 57 25 20 64 19 63 22 63 51 83 29 17 74 66 55 92 88 25 63 68 53 51 58 23 40 97 17 78 46 19 91 89 33 59 73 30 83 67 43 76 79 70 19 85 79 48 33 17 63 47
82 95 78 43 83 33 90 88 55 72 94 62 92 62 60 49 89 73 69 78 39 59 64 18 84 50 37 75 80 16 39 69 74 58 46 85 27 88 24 69 86 22 27 84 70 88 33 61 94 22 43 73 69 66 68 80 47 57 58 73 56 61 21 47 48 97 36 88 87 28 80 16 57 58 62 95 21 79 28 63 28 19 62 28 80 42 27 42 48 50 64 58 69 15 82 26 89 34 78 62
99 14 12 52 51 43 15 39 39 75 24 81 68 42 14 75 77 25 35 72 89 31 90 93 77 96 85 72 50 67 51 87 87 43 66 51 52 94 73 61 57 64 94 68 41 99 96 56 70 36 45 84 43 92 35 19 69 49 14 26 88 92 59 47 81 71 23 74 55 45 53 30 31 43 54 67 53 27 36 50 81 95 72 77 29 59 28 33 98 36 48 40 85 27 12 25 55 35 76 36
24 11 18 82 18 34 67 30 86 68 27 47 56 27 13 39 98 32 22 40 69 35 18 64 16 11 64 14 34 94 81 72 16 14 21 23 30 30 12 96 31 53 47 37 45 38 82 27 18 28 78 14 94 16 81 46 18 98 74 85 65 27 47 75 37 28 83 21 52 81 85 84 38 33 81 79 32 63 74 39 34 68 56 47 84 15 81 14 26 51 97 18 58 13 39 89 27 41 16 30
82 22 96 82 92 40 28 59 56 28 62 33 60 36 43 64 67 21 82 49 83 57 61 20 74 93 90 40 43 42 17 67 78 51 44 39 56 82 92 66 63 41 99 32 12 81 92 75 11 53 92 90 14 57 33 53 97 79 48 43 32 73 87 84 36 17 62 32 32 65 70 81 22 90 33 27 57 79 60 56 34 49 58 35 32 98 74 88 53 75 64 24 77 84 40 92 34 58 63 61
64 46 29 61 15 33 28 23 16 81 52 47 59 89 26 78 72 35 12 86 65 51 83 26 52 57 54 62 73 54 71 10 68 60 42 90 79 54 27 11 69 86 73 35 13 62 69 88 36 82 47 31 52 33 60 55 52 57 47 11 64 67 39 40 99 26 18 40 35 68 40 43 60 87 67 15 13 22 23 80 82 52 37 74 28 22 72 96 91 53 57 30 53 44 56 24 18 25 67 22
11 42 73 68 85 57 85 36 84 84 20 84 53 18 64 56 81 84 82 92 12 87 18 61 49 21 67 84 46 89 83 96 83 61 63 94 21 73 92 67 79 85 10 23 27 44 39 61 44 48 70 82 25 71 44 90 18 82 82 89 36 16 68 98 58 21 77 24 32 20 37 85 23 84 65 40 96 66 11 52 40 89 40 30 72 42 78 60 49 32 14 25 36 21 13 59 20 54 62 80
35 10 40 41 73 39 87 79 25 88 84 90 73 72 96 69 91 35 61 30 31 95 35 64 36 43 95 53 27 49 70 49 90 42 71 52 12 49 32 16 87 57 29 78 95 11 97 95 50 54 41 86 83 65 70 24 20 70 56 61 45 55 93 48 45 93 88 25 78 88 49 47 42 62 63 15 19 45 64 45 17 23 14 36 84 22 22 96 49 87 43 81 11 70 59 23 82 55 66 81
16 61 46 33 79 62 85 84 89 91 45 51 81 66 82 91 76 25 31 38 79 23 26 58 78 44 54 68 34 45 40 98 17 75 95 83 36 79 61 67 92 57 44 34 84 80 13 51 37 54 61 66 29 30 33 27 86 74 95 78 69 63 48 90 70 50 26 23 84 48 55 76 74 81 77 88 76 69 27 46 41 31 18 39 66 27 83 54 71 44 14 18 14 76 85 66 58 91 98 15
73 91 39 22 39 43 16 19 59 59 25 29 23 86 66 35 71 44 40 97 93 80 48 31 38 25 26 72 52 43 48 19 49 23 42 11 73 90 31 27 22 48 77 99 12 18 80 72 88 48 72 65 37 52 90 32 22 38 75 22 23 23 98 97 85 94 83 32 12 71 16 80 20 89 83 72 63 68 93 72 79 77 59 18 70 49 12 36 87 18 54 67 23 31 92 21 44 70 54 77
21 74 19 43 36 68 75 24 35 61 85 91 41 78 54 17 76 87 50 78 50 74 61 85 66 39 44 83 55 12 69 34 31 64 48 54 37 42 99 26 40 32 53 83 19 55 38 59 91 49 48 82 86 35 89 72 96 16 17 73 26 60 65 13 13 59 50 18 53 18 22 49 12 84 32 60 14 58 53 24 73 24 70 90 44 24 57 82 97 56 89 64 90 25 25 58 35 74 47 36
81 38 43 52 31 18 40 78 97 38 39 90 91 41 87 74 15 54 68 61 97 15 83 85 43 91 13 35 54 23 31 96 73 87 82 69 39 63 74 27 73 79 46 79 29 25 99 10 53 91 68 70 75 18 54 55 65 29 84 81 84 96 75 57 19 90 50 10 31 72 24 24 40 67 64 24 60 11 44 90 44 89 19 93 20 42 19 26 61 43 24 62 24 55 51 96 40 28 65 71
89 64 35 82 32 26 61 10 38 64 96 15 85 61 24 68 85 65 41 93 54 53 67 93 42 63 55 95 63 94 80 48 50 14 51 42 15 46 85 23 23 46 39 84 11 55 19 86 56 35 59 69 55 76 37 27 53 54 56 29 57 55 47 59 21 59 74 71 56 22 32 92 30 91 15 26 71 69 54 61 77 52 83 54 48 13 52 28 79 91 78 95 52 92 47 14 75 26 95 23
43 78 11 21 55 97 26 48 90 12 75 68 33 58 42 11 20 73 37 32 80 94 58 81 14 88 96 41 86 67 32 23 57 22 72 62 21 19 64 27 18 15 79 54 85 91 20 78 13 86 74 14 58 80 81 62 27 79 72 72 40 57 15 34 93 34 78 71 30 68 61 76 61 14 42 96 10 87 33 92 38 89 41 28 64 15 24 31 93 49 17 50 50 86 54 11 80 40 66 73
59 81 25 47 81 44 42 90 21 80 78 16 78 56 19 96 56 92 66 96 31 76 41 45 72 43 78 62 59 94 14 14 21 63 70 77 48 73 93 32 54 37 60 21 43 10 74 17 87 91 83 22 14 79 90 35 65 70 95 96 54 41 22 57 24 34 46 38 97 53 92 16 62 56 94 91 72 72 67 29 47 90 68 30 48 85 84 87 67 48 44 26 30 54 79 47 23 33 40 28
28 55 52 17 56 48 33 71 77 24 51 34 35 71 30 98 96 29 81 54 67 14 91 87 23 46 51 22 67 68 83 82 97 45 63 17 93 80 25 86 92 72 25 26 93 70 69 32 18 53 71 45 63 40 69 95 67 89 24 86 32 84 22 24 29 57 35 15 20 57 41 65 87 70 11 65 61 63 32 64 21 24 21 99 12 88 14 16 85 75 52 87 83 41 95 37 44 37 36 57
63 65 79 62 97 69 24 49 81 29 96 91 50 36 93 20 88 69 10 36 13 57 39 53 51 40 41 91 68 98 95 39 63 83 67 85 59 31 69 87 92 96 82 17 23 94 59 11 28 37 87 34 60 10 51 58 34 12 57 20 43 25 43 84 81 91 39 43 60 94 32 26 70 97 46 22 46 80 62 71 90 97 28 97 45 98 98 51 58 20 92 79 84 67 79 78 38 19 34 94
76 26 40 92 77 65 86 34 55 77 65 35 65 18 53 78 34 82 90 63 89 38 47 35 16 25 82 83 31 86 53 93 52 50 49 74 48 63 63 10 26 57 84 98 58 99 65 62 83 32 95 32 72 23 96 91 21 84 77 56 78 84 30 98 47 27 30 86 53 24 28 57 42 22 55 79 86 70 30 51 17 47 11 75 94 22 71 81 68 60 29 40 36 39 51 96 82 82 72 40
49 42 70 60 64 94 31 68 11 32 23 45 78 97 93 58 33 64 50 75 49 70 31 56 63 82 72 67 90 91 31 84 37 18 71 87 44 95 13 56 56 34 93 83 82 94 36 20 54 71 65 82 39 23 98 11 25 26 38 96 25 38 90 71 14 42 44 41 63 16 58 57 26 88 84 54 59 59 54 42 57 96 55 93 29 11 54 86 17 14 88 59 95 95 50 43 41 58 53 49
20 92 61 87 75 94 91 82 41 65 24 34 81 17 87 26 89 93 14 56 81 12 70 55 31 29 98 86 72 38 53 36 57 23 22 11 57 38 25 52 94 78 20 37 50 41 49 43 15 62 99 21 92 89 83 89 96 44 91 76 17 14 30 43 84 37 49 72 91 99 21 41 90 58 99 77 78 89 64 28 43 55 38 35 25 10 63 53 23 54 23 72 51 92 80 42 16 71 14 13
55 72 81 62 43 68 71 85 75 57 71 29 64 43 74 27 29 70 50 53 85 68 71 18 34 92 39 96 48 73 16 32 82 82 92 31 15 63 64 60 67 16 47 89 57 81 84 91 23 37 45 38 56 63 88 88 85 29 68 75 58 83 92 67 27 79 81 16 96 38 61 75 16 43 55 92 71 20 10 39 62 65 63 37 37 22 69 27 70 14 65 76 64 70 66 77 58 23 76 98
11 96 63 59 52 98 96 79 19 42 19 54 67 24 15 58 18 91 63 87 78 19 32 48 46 34 60 82 24 98 80 12 67 82 61 37 30 50 42 31 50 66 65 34 25 83 61 62 84 89 31 54 89 95 69 88 84 16 62 84 99 26 29 69 13 13 65 83 62 89 74 71 22 68 33 65 41 38 75 72 53 11 18 61 72 94 27 75 67 51 55 19 68 59 40 94 56 15 43 99
27 10 29 56 75 68 27 21 69 81 62 62 59 84 80 77 77 42 33 92 29 36 25 73 39 14 43 80 47 45 84 24 56 27 91 47 69 32 32 89 94 95 49 48 58 45 95 74 95 33 14 64 50 37 83 38 86 28 73 28 60 20 28 44 78 64 49 57 80 43 47 54 23 14 16 26 65 61 66 68 43 21 64 56 31 64 95 91 12 50 13 77 78 58 24 24 16 20 40 88