100 100
78 30 32 86 76 38 22 93 18 59 64 81 61 17 14 53 64 36 85 47 31 84 77 43 62 27 92 79 78 31 49 61 87 21 84 88 35 90 35 89 44 59 15 31 87 79 53 38 38 46 20 26 74 76 54 52 98 28 48 26 66 36 29 29 79 70 44 45 84 22 38 79 34 80 84 74 97 74 45 10 82 94 68 59 28 69 56 14 40 25 29 49 78 54 50 61 40 24 73 36
32 93 77 28 67 91 80 30 19 83 70 81 50 97 26 15 40 72 10 46 66 25 66 83 15 84 42 84 99 74 14 22 81 90 44 46 21 49 33 47 64 67 54 62 18 73 29 43 32 82 79 59 40 15 80 51 39 57 93 34 55 40 80 67 19 59 94 30 17 19 74 48 65 98 64 79 55 34 29 14 76 59 44 72 27 72 35 14 26 99 54 64 56 67 60 35 37 29 69 91
39 92 85 89 85 65 48 90 46 41 76 98 61 84 18 70 49 28 17 26 12 41 21 62 19 42 42 53 84 65 57 96 49 65 58 50 56 14 72 93 72 31 47 22 38 20 74 78 43 24 36 84 22 68 83 79 49 46 51 37 88 53 52 30 51 85 43 34 26 34 92 18 56 26 68 94 89 98 11 35 67 27 21 12 40 34 95 44 37 31 64 97 52 89 52 49 84 47 11 77
82 74 59 24 27 37 89 10 53 95 23 20 25 44 46 89 89 51 26 84 58 10 23 60 99 76 53 55 75 49 19 49 17 16 33 88 67 79 61 88 58 17 95 43 88 52 61 60 70 48 79 57 40 31 65 28 18 39 45 95 39 45 66 97 10 58 20 52 45 57 29 84 55 98 91 34 81 56 94 59 19 87 62 60 47 40 67 84 41 66 76 75 93 47 86 74 40 32 34 28
55 33 27 42 34 38 39 66 79 79 76 48 29 37 16 27 69 40 92 37 16 72 43 22 61 22 96 12 73 21 27 40 63 86 20 96 87 22 13 39 82 12 68 98 84 68 68 73 83 37 88 13 30 40 38 64 38 29 33 20 21 25 68 74 91 30 67 28 68 43 66 45 35 57 57 69 36 77 70 95 57 96 43 65 49 41 29 73 89 34 32 95 22 91 21 38 92 13 36 31
88 54 27 69 85 83 73 11 21 15 85 45 59 35 31 85 22 63 32 64 84 37 61 57 40 69 29 78 22 38 97 32 79 54 71 80 99 71 56 49 41 87 69 11 40 86 92 14 54 84 47 85 63 13 32 49 72 86 22 18 80 67 21 75 83 25 68 30 12 39 34 34 45 28 17 24 96 41 67 89 95 89 80 80 14 37 24 83 24 18 14 95 89 69 29 53 51 41 81 88
50 35 48 68 86 26 32 76 92 57 15 14 27 20 45 85 43 16 11 28 17 97 46 60 71 26 50 60 96 90 11 62 77 68 54 31 24 43 79 83 85 73 42 63 46 84 57 38 60 93 56 88 64 37 24 20 17 52 74 11 84 35 55 91 92 21 84 91 88 59 74 84 46 52 40 24 58 40 78 96 30 13 36 43 75 24 15 97 28 11 67 35 54 28 31 25 44 56 83 65
53 48 78 29 36 58 41 78 23 84 71 22 94 86 69 44 47 89 50 54 41 79 53 98 58 43 95 66 63 79 91 69 77 67 76 60 17 61 61 59 68 39 57 44 83 18 49 14 94 92 52 44 28 95 15 51 94 18 19 80 47 79 94 58 23 48 90 18 62 50 75 51 20 81 85 50 18 63 55 94 99 32 86 37 67 89 70 25 26 40 32 24 80 15 46 95 57 50 23 75
44 12 75 94 16 69 92 90 71 29 66 40 24 25 40 58 15 90 24 25 49 72 92 77 86 27 85 77 23 82 68 27 48 25 28 50 66 25 93 49 62 97 11 71 68 64 97 64 27 45 71 11 82 36 94 55 37 81 43 48 25 41 54 54 44 28 15 56 33 78 91 68 93 87 50 45 15 48 68 47 17 68 26 36 44 14 84 91 30 93 78 75 35 82 14 98 83 56 28 98
24 23 53 27 85 17 61 62 81 52 87 40 65 35 90 81 75 67 67 65 12 46 73 80 74 85 80 41 37 47 68 51 58 48 76 63 79 51 20 80 82 94 27 39 94 23 23 32 85 39 43 60 72 33 70 11 77 50 14 99 78 53 70 88 67 88 95 57 96 21 51 46 30 63 42 90 13 67 23 83 13 36 23 73 17 50 57 60 27 49 53 70 55 17 31 39 62 28 39 38
72 80 76 57 87 74 96 41 24 83 49 19 72 75 18 64 87 94 83 93 75 81 83 93 14 19 78 68 33 84 86 85 39 71 65 24 48 37 15 27 96 17 26 83 61 42 74 48 43 27 58 32 82 15 20 68 97 46 87 48 80 96 32 60 18 25 71 96 15 73 87 29 46 23 56 79 41 32 44 18 59 38 16 29 65 93 40 11 93 39 22 96 86 57 47 95 94 64 84 69
62 64 53 38 75 71 71 70 41 52 35 31 62 39 94 86 90 35 11 80 99 27 99 22 10 92 35 87 51 91 17 64 52 39 40 34 45 12 81 81 62 89 28 13 99 74 54 40 74 59 52 47 60 13 76 15 69 64 95 94 67 91 48 73 92 73 38 38 83 53 97 70 68 82 41 73 53 44 24 70 97 35 75 47 51 37 21 97 24 52 24 17 72 92 99 82 75 77 54 85
58 81 76 29 16 51 19 49 86 46 81 83 50 51 55 58 32 20 64 77 79 58 93 74 88 28 36 51 95 64 27 91 89 88 21 67 93 92 59 37 68 84 67 45 18 94 43 87 15 18 69 82 15 90 69 55 15 17 79 43 19 22 78 96 86 55 67 58 43 82 94 30 93 50 82 66 24 82 33 12 68 34 15 22 46 85 26 70 79 21 31 44 46 16 16 41 33 37 65 80
27 28 63 25 98 66 40 78 81 40 88 33 19 34 61 50 77 57 78 12 77 65 23 63 54 57 80 34 75 23 50 87 49 98 85 18 84 12 68 39 88 74 61 51 38 22 67 64 14 13 79 77 93 58 41 47 66 39 71 32 35 95 36 23 25 62 76 47 19 60 57 25 12 80 60 70 61 21 63 61 73 37 46 39 95 41 61 11 87 98 93 86 78 33 79 70 61 20 81 54
11 23 22 70 64 43 35 67 13 65 87 91 63 87 31 48 58 21 78 91 28 74 56 85 48 69 77 25 83 24 19 65 42 15 24 27 60 45 89 76 41 80 33 58 45 15 35 89 36 52 14 86 76 97 93 14 41 32 37 66 55 93 59 20 14 60 43 17 91 94 81 82 36 91 49 68 28 41 19 83 64 83 44 81 52 46 87 39 49 98 67 62 52 69 49 15 85 90 53 57
70 36 86 31 87 54 63 28 64 25 23 74 60 74 17 47 17 74 62 42 54 32 45 83 80 20 68 25 11 13 85 58 77 29 81 33 40 40 91 49 76 88 89 79 14 54 96 33 29 93 26 26 89 90 63 41 23 38 71 39 40 75 41 75 58 15 58 91 21 70 56 67 53 41 61 41 39 87 95 17 62 85 11 28 39 79 23 97 88 34 26 56 51 26 14 64 97 81 96 26
86 64 41 95 58 55 14 57 97 21 58 10 53 70 67 45 62 68 74 14 23 20 10 89 84 86 37 33 39 46 60 67 98 84 10 94 20 35 48 35 10 89 37 75 13 11 92 66 33 88 63 84 36 36 87 15 98 32 16 96 53 32 19 44 15 98 71 94 23 58 24 76 61 24 82 81 88 92 17 45 96 32 69 87 61 60 19 94 35 10 59 73 16 29 97 40 23 65 90 69
77 27 99 50 41 72 20 54 12 18 13 80 79 75 30 49 25 52 45 25 99 23 83 30 91 88 71 87 28 58 80 96 75 40 85 81 88 23 28 35 90 19 42 88 32 53 34 33 77 91 72 62 22 85 55 75 66 76 70 42 49 49 36 84 41 78 87 57 21 33 47 32 39 19 58 13 90 66 48 17 94 92 69 74 81 72 38 62 74 33 98 65 85 55 77 38 91 53 21 84
77 10 11 46 57 32 66 21 77 84 11 98 62 73 98 46 18 82 13 89 66 66 90 73 54 57 20 10 89 42 41 43 27 53 32 92 41 80 16 83 26 72 43 45 24 98 48 20 50 60 75 40 23 42 59 29 20 55 61 84 62 24 61 93 95 75 22 21 78 21 76 13 56 13 65 12 56 68 52 19 85 95 96 77 98 67 16 40 70 81 68 86 91 65 23 55 51 99 42 52
77 72 37 17 93 65 79 39 61 80 39 20 94 42 40 97 12 16 64 51 46 53 57 95 63 71 95 56 31 48 26 62 53 18 90 60 18 23 54 65 63 46 74 24 32 55 14 15 64 92 51 34 58 45 60 85 45 58 14 18 33 19 80 51 75 70 53 94 40 95 39 58 27 85 53 63 26 32 46 93 81 76 64 57 45 38 49 76 67 12 47 17 17 31 37 15 10 68 33 96
78 74 62 88 35 91 29 71 39 30 45 45 92 79 55 65 70 87 81 33 99 46 52 64 69 52 41 41 34 26 98 98 76 57 58 27 25 29 95 79 51 13 32 91 46 45 82 78 98 13 48 52 42 91 75 54 20 54 45 70 76 43 69 82 84 14 86 44 68 98 61 92 18 22 67 56 65 49 63 71 29 89 26 26 70 52 88 34 97 34 36 17 64 80 38 87 14 99 97 58
62 67 71 14 42 83 73 40 33 81 33 68 49 69 18 93 53 72 47 48 45 18 82 85 33 60 71 36 19 51 60 23 97 37 45 62 47 73 53 91 28 59 68 23 68 50 89 73 45 32 81 44 20 78 14 45 53 80 50 27 80 67 85 58 63 54 17 60 11 15 39 70 69 54 24 14 33 40 30 99 61 25 69 18 68 94 37 21 74 37 88 23 88 83 46 82 40 49 87 39
64 97 90 17 35 92 62 79 15 76 82 41 53 76 46 74 95 61 26 53 47 26 42 17 90 45 41 16 21 18 65 38 14 55 19 92 11 55 18 79 20 49 56 21 58 60 65 79 75 31 38 85 31 56 24 31 70 65 37 54 34 16 64 14 48 37 30 46 74 74 86 16 15 22 78 50 22 15 90 49 71 91 30 20 53 25 97 20 50 63 99 66 58 89 34 73 90 42 41 17
61 25 85 25 34 63 85 35 86 85 87 55 80 10 64 26 33 41 90 71 38 91 57 24 59 95 11 51 80 20 23 38 75 69 55 83 26 54 72 25 75 98 34 79 81 30 78 32 69 31 22 21 14 28 58 19 30 36 53 75 89 15 48 78 37 87 21 71 24 40 27 82 39 16 94 67 40 47 81 45 44 23 16 50 39 23 66 14 59 48 31 56 56 98 18 45 20 59 17 15
83 70 87 22 66 73 23 30 61 74 91 44 94 80 44 16 96 88 40 13 42 57 58 49 16 26 55 60 38 57 74 37 86 57 56 96 68 39 19 64 32 87 49 21 68 78 59 30 54 43 56 98 53 17 64 42 20 96 97 25 10 31 57 31 35 73 86 80 96 30 52 16 39 22 14 28 46 95 54 76 38 44 19 43 49 30 42 42 70 86 16 22 34 47 87 25 84 18 48 72
39 84 53 91 95 29 14 64 84 23 49 30 15 49 79 12 52 93 94 13 40 72 27 48 68 92 67 63 85 25 57 93 76 78 30 66 75 94 32 71 47 27 96 55 20 77 95 97 21 36 71 31 21 68 66 26 84 16 82 55 45 72 41 16 12 67 12 55 33 17 90 53 70 28 66 86 53 26 54 61 89 12 75 12 86 92 61 85 67 32 19 53 79 39 60 90 19 71 31 92
40 14 89 71 11 14 63 59 38 34 31 17 21 42 24 21 59 37 48 41 63 75 14 54 31 23 36 72 17 21 98 52 82 84 56 80 72 74 29 20 25 40 36 66 28 45 16 26 96 98 75 35 29 93 82 18 32 22 29 52 17 67 76 94 77 69 30 13 28 39 98 34 77 85 71 51 69 71 51 45 59 96 76 75 64 47 30 19 88 78 65 31 57 34 22 71 22 90 27 93
26 25 19 24 88 15 31 68 34 64 47 51 67 84 60 65 79 11 64 57 92 82 77 21 78 73 31 35 76 33 11 44 73 57 37 87 80 96 12 47 80 50 35 56 33 63 36 31 39 58 53 70 16 84 17 34 78 85 71 51 35 97 49 90 50 41 33 72 84 97 15 27 93 55 20 13 45 88 64 65 47 57 63 11 85 89 82 10 44 96 52 38 84 99 48 33 49 18 25 45
24 91 42 83 80 93 95 24 92 81 40 61 80 85 95 33 58 46 36 31 22 28 68 90 17 41 65 51 30 48 51 15 67 72 50 14 74 62 27 55 55 83 71 53 83 12 93 65 55 94 85 66 56 89 46 32 96 96 49 37 82 38 85 72 95 71 46 45 29 21 16 31 94 37 37 96 30 14 69 23 27 66 54 32 16 91 86 49 91 34 98 44 53 83 32 15 74 17 74 12
78 25 90 51 76 23 77 74 28 16 95 80 40 38 87 18 14 78 38 34 39 59 98 97 74 64 58 20 66 78 53 24 20 67 12 24 40 54 55 68 37 70 44 63 51 38 92 35 72 49 12 43 26 24 90 96 31 79 72 42 87 32 62 94 14 53 96 13 60 66 23 42 20 52 34 85 95 34 31 82 16 49 71 17 73 62 98 62 67 61 43 36 30 63 61 84 63 63 98 13
87 40 30 84 46 77 23 96 28 40 68 66 70 89 76 37 64 78 70 34 30 55 87 26 86 12 72 16 92 79 58 82 20 96 46 81 66 69 68 87 45 21 45 42 45 59 69 70 86 79 61 70 73 47 95 78 99 44 42 57 11 90 40 52 46 12 71 61 90 52 52 59 77 58 80 34 18 67 33 24 69 59 92 57 31 17 37 95 88 70 35 11 21 92 18 46 15 72 84 92
75 68 47 84 79 49 94 90 52 14 49 39 58 87 23 91 89 62 30 11 80 66 75 21 67 91 11 37 29 91 82 35 42 15 84 68 41 75 81 12 50 92 79 57 63 76 18 77 27 71 23 92 82 68 41 15 85 65 93 42 97 61 76 50 26 38 75 41 43 15 11 58 82 41 17 33 28 89 86 83 62 51 56 42 59 51 68 16 70 76 14 27 58 24 77 45 68 29 60 89
34 43 44 11 27 71 14 54 33 19 38 98 30 16 74 32 40 51 16 67 51 55 86 52 85 52 18 36 42 61 81 48 27 62 56 21 73 88 27 45 71 47 91 68 21 28 46 22 75 74 65 61 86 21 16 17 16 21 57 96 65 86 18 67 41 27 31 56 12 97 11 88 83 40 59 85 86 47 86 57 22 37 54 89 85 97 39 58 39 87 64 58 22 93 94 58 61 89 18 29
31 24 69 15 54 49 29 93 92 35 20 69 14 24 44 68 77 95 21 84 44 51 62 83 84 85 38 55 39 50 39 43 44 27 82 58 22 12 17 53 71 29 76 70 98 51 93 38 31 14 89 61 18 82 16 20 47 61 92 68 74 62 16 89 95 90 46 67 16 82 56 17 33 35 12 91 86 19 72 95 18 27 22 56 45 52 98 18 33 72 23 58 80 19 51 80 97 50 16 67
67 26 96 37 24 16 16 37 60 95 66 14 76 93 22 59 82 54 12 67 19 53 43 42 23 73 62 73 21 62 10 86 22 37 45 89 59 95 36 23 88 41 12 21 91 39 51 86 76 75 49 32 98 58 64 76 59 14 91 65 60 45 62 66 44 33 60 46 81 77 79 75 21 58 92 74 49 13 36 91 81 97 71 20 77 68 52 44 19 60 64 82 61 74 45 26 49 33 76 32
99 12 19 55 94 28 67 37 40 16 23 45 38 93 68 31 52 77 13 27 35 81 93 26 16 50 30 33 63 66 30 17 71 53 84 26 48 76 93 83 74 77 78 10 51 91 21 93 96 20 67 48 83 87 72 43 78 78 91 50 36 28 28 32 70 59 97 68 27 41 81 36 89 65 80 53 36 78 90 42 20 34 19 44 17 18 94 13 15 80 55 56 20 35 11 18 39 60 85 65
46 32 12 83 52 31 71 66 12 94 21 32 87 73 57 21 58 69 62 84 86 92 14 82 71 31 60 16 46 13 30 29 97 83 16 49 98 41 38 56 60 31 98 57 15 49 16 49 63 17 11 47 48 71 98 86 81 15 83 91 79 61 34 76 12 73 57 86 20 73 31 20 45 11 20 51 14 17 56 66 29 27 75 77 75 23 36 60 33 50 72 80 81 10 67 18 22 32 24 92
60 77 24 78 82 58 45 57 55 60 18 43 95 75 82 95 42 42 66 50 35 78 35 51 32 96 61 52 57 11 34 64 30 68 16 59 74 53 36 60 72 19 50 34 52 94 77 87 52 43 82 20 68 86 77 66 19 54 60 53 80 31 82 50 91 61 83 49 80 10 80 80 38 53 67 83 56 29 55 67 46 51 84 44 42 16 70 59 64 87 44 97 67 71 35 22 86 74 19 24
11 13 58 44 77 39 56 87 40 36 75 51 60 11 19 15 67 82 17 74 16 13 62 31 55 60 91 41 83 39 62 47 86 65 74 42 46 12 73 22 91 21 90 27 71 83 96 75 38 82 77 81 58 49 80 50 68 27 69 30 78 70 83 36 21 35 25 88 58 60 57 28 63 40 82 39 11 21 59 21 33 60 68 12 15 42 64 61 69 42 69 96 22 95 98 80 34 12 38 60
12 57 35 15 84 66 48 92 94 92 48 10 98 62 93 54 87 16 67 81 58 48 79 60 95 79 69 61 30 17 31 41 67 39 86 12 47 18 12 71 36 10 52 73 98 73 16 88 65 67 72 94 48 45 61 16 38 73 37 58 86 48 13 55 27 75 57 67 95 94 90 23 98 92 80 85 19 62 91 84 26 15 20 25 48 46 20 81 23 16 97 64 17 77 90 26 10 28 89 54
26 28 13 81 96 34 54 67 67 27 91 72 43 62 15 65 54 94 76 88 98 91 67 12 25 28 55 55 82 20 74 35 97 50 90 22 14 97 82 87 62 38 70 59 20 74 76 66 34 13 46 77 37 64 97 12 72 42 93 11 68 22 73 23 37 14 60 77 29 28 87 54 91 13 64 76 75 97 41 49 85 24 46 25 20 44 83 38 71 73 63 22 47 29 30 54 63 46 40 52
31 52 93 67 90 98 27 37 64 53 96 95 52 25 23 88 94 48 74 49 48 29 47 43 28 55 38 75 33 67 68 92 92 78 27 99 87 79 55 56 25 21 95 37 35 77 69 54 30 74 54 30 91 16 21 32 71 93 96 19 13 97 74 74 34 85 84 50 67 67 75 92 75 76 51 53 98 89 19 77 70 73 19 77 27 17 15 56 15 53 67 26 58 56 21 51 59 51 17 29
11 95 60 98 61 95 39 71 66 51 13 10 57 46 61 37 30 61 41 42 17 84 41 11 27 97 72 53 96 25 47 70 57 90 97 28 37 29 65 30 41 56 43 63 93 81 80 27 78 89 42 12 72 97 56 23 33 25 37 60 35 77 85 95 26 10 11 26 48 77 12 94 94 24 88 70 45 47 63 31 59 40 42 67 42 83 34 52 88 26 87 89 30 20 75 87 21 62 39 78
39 86 44 68 59 66 64 98 39 94 26 84 82 49 36 33 95 29 51 50 64 14 78 70 30 80 75 68 14 48 73 20 81 92 32 77 95 18 25 92 70 73 64 85 57 77 93 56 78 63 90 37 66 82 51 21 99 46 28 31 45 32 11 74 98 53 65 61 67 24 54 69 11 40 71 10 18 96 22 18 41 51 82 17 81 51 76 30 31 69 33 86 98 50 43 65 16 37 53 28
38 22 15 28 81 92 92 68 95 69 88 91 76 83 40 18 28 50 71 52 40 74 77 66 86 55 87 49 21 97 36 26 38 11 79 16 85 80 41 53 65 19 21 74 39 22 60 63 12 14 44 65 92 77 84 88 78 19 25 24 92 36 42 83 32 96 74 29 86 71 27 26 22 74 51 21 78 36 47 34 83 33 46 88 75 77 40 34 44 56 55 75 81 84 15 37 60 55 45 64
85 32 25 66 39 84 37 72 90 59 74 73 69 87 28 68 57 19 22 52 43 12 57 35 18 38 69 76 75 83 78 54 25 36 64 77 87 80 74 77 15 49 71 60 96 65 77 40 98 60 93 37 96 40 51 81 61 61 90 39 65 47 67 15 80 24 90 86 86 83 75 97 79 49 39 27 68 79 14 24 76 92 95 29 65 71 93 99 75 89 48 84 67 53 83 89 17 35 83 56
70 51 13 68 14 50 55 22 20 36 41 54 37 29 67 92 73 84 41 55 91 42 37 50 68 43 93 19 12 22 60 83 64 51 59 38 48 30 92 59 58 56 15 98 97 88 99 33 40 78 94 45 76 39 56 94 43 69 28 40 85 24 81 84 78 25 91 29 88 91 84 72 87 31 36 57 79 22 64 50 52 59 51 87 98 12 81 64 43 16 49 87 41 13 36 60 90 68 58 12
66 61 78 45 94 10 48 56 76 29 65 17 29 29 96 42 96 63 78 54 13 37 24 11 66 37 21 27 97 51 65 72 56 98 46 71 98 18 25 42 35 43 87 26 35 45 59 61 58 58 23 18 20 51 12 25 78 86 51 34 67 83 66 96 25 60 23 49 45 35 32 95 21 77 79 46 80 41 65 39 93 19 49 27 94 21 10 70 65 14 64 34 83 25 18 66 66 63 32 31
10 35 63 13 27 84 24 33 93 56 94 53 72 20 99 29 17 56 59 70 33 13 89 29 98 99 93 11 84 67 54 78 90 38 25 94 88 79 34 13 61 17 79 46 63 60 78 49 76 25 76 98 54 54 29 58 95 39 24 48 20 43 65 31 64 71 26 80 96 75 57 51 31 98 17 92 33 13 74 48 37 10 42 30 83 30 79 87 94 73 16 22 21 85 61 73 42 35 61 74
41 35 67 90 86 44 75 20 94 75 41 90 76 23 50 53 73 83 28 73 60 26 96 56 56 55 27 28 88 10 58 19 73 59 41 76 82 47 76 29 58 70 21 66 90 69 45 75 78 83 47 29 46 95 91 77 82 28 40 84 61 91 28 14 38 70 46 15 46 97 29 81 49 18 22 96 32 84 40 53 64 49 91 17 32 62 66 45 94 29 61 94 66 73 78 59 55 67 68 18
25 50 31 51 52 92 27 84 28 36 95 60 43 91 79 43 35 79 60 60 70 30 94 64 68 18 43 73 38 16 43 25 18 47 37 48 14 44 91 26 46 11 84 73 21 46 80 49 30 95 86 53 30 85 37 67 41 32 25 25 44 19 88 40 66 63 32 84 97 48 65 87 23 15 81 20 22 35 85 60 99 92 12 44 27 61 93 70 16 71 15 92 12 65 26 63 20 83 88 82
98 32 91 64 48 85 36 22 32 98 24 77 36 14 21 73 45 50 93 52 31 55 72 70 48 87 79 59 61 58 86 69 63 71 83 23 78 97 61 29 20 97 21 34 74 55 25 35 90 19 70 81 33 34 56 40 18 88 21 28 54 73 91 44 73 56 46 65 38 63 30 36 72 32 78 90 11 53 73 54 50 86 50 71 63 49 51 98 57 82 98 53 58 66 20 79 52 62 36 25
39 11 64 26 77 18 82 91 34 29 86 47 50 65 81 34 78 66 25 45 91 53 62 15 86 26 66 15 10 46 77 61 13 94 56 80 44 99 65 81 34 10 74 89 39 81 44 55 45 15 94 43 90 12 66 47 93 25 40 47 70 92 12 16 27 93 26 83 18 46 77 37 34 83 76 90 86 80 83 72 88 86 95 18 66 19 69 53 82 76 30 17 28 52 59 46 30 14 44 86
15 60 38 89 75 81 19 33 23 44 77 12 94 62 16 93 83 66 68 35 94 48 51 77 54 70 17 74 18 41 29 42 54 49 33 22 26 26 72 86 30 24 31 63 38 74 89 86 58 13 11 80 30 39 37 73 95 90 44 53 60 75 70 62 22 73 64 30 35 76 66 48 20 86 65 60 90 18 16 42 19 51 63 79 19 43 38 84 61 47 39 70 26 91 72 60 15 56 74 94
29 37 15 82 16 99 64 57 89 14 90 31 94 83 52 64 52 22 89 22 27 44 21 53 73 26 49 81 85 67 95 86 45 97 12 35 87 36 74 40 40 16 72 63 83 24 53 99 14 36 82 14 76 86 97 68 61 43 78 11 24 19 92 24 41 43 37 90 27 87 45 30 30 54 31 76 28 60 16 65 61 82 13 25 10 87 32 51 80 42 77 13 43 46 17 87 83 26 22 22
73 17 50 56 54 32 65 76 12 37 47 40 83 49 52 92 14 84 19 80 53 37 33 92 98 79 49 58 49 62 15 45 20 90 17 25 84 99 82 71 85 97 30 14 80 21 75 53 82 46 14 23 75 46 65 34 79 85 33 26 67 47 47 38 38 60 36 34 33 82 31 90 82 86 66 26 69 87 63 73 62 97 54 15 32 66 63 56 53 64 87 90 61 92 22 64 51 41 85 67
53 24 51 89 26 56 39 56 36 84 96 65 32 25 16 75 17 70 87 19 39 75 68 81 42 97 21 73 90 30 36 89 45 62 80 94 37 83 21 13 35 10 75 20 83 55 55 78 53 21 84 63 74 29 97 54 61 94 91 79 51 49 19 79 41 85 79 29 10 83 39 23 77 99 42 54 20 63 81 76 53 48 92 51 20 38 13 95 63 81 86 50 76 27 20 77 65 69 20 30
29 65 12 59 57 66 30 23 67 88 81 84 40 14 62 92 16 50 33 64 91 70 27 23 13 30 60 13 68 20 19 55 95 14 12 91 41 17 44 89 34 70 33 70 23 94 36 50 44 82 53 78 43 32 46 47 75 83 63 56 32 60 46 38 75 59 47 61 46 77 88 46 26 84 23 89 63 64 22 15 33 68 57 25 57 24 27 27 98 46 88 79 67 21 49 35 13 49 29 30
90 22 62 61 76 37 58 40 40 38 92 51 60 78 77 48 53 49 28 31 75 81 72 69 47 89 34 53 52 40 98 60 45 41 36 54 60 64 17 98 60 65 35 26 35 22 46 81 24 17 17 80 72 80 27 76 63 66 85 22 64 71 13 70 38 32 76 71 19 96 85 69 35 39 38 91 10 71 59 13 71 80 66 35 12 50 96 60 85 67 90 67 37 83 47 43 79 45 77 29
43 59 33 64 37 34 61 82 98 21 56 23 55 41 70 13 41 72 67 70 13 63 54 65 33 84 10 69 33 57 78 10 48 54 26 16 76 17 34 83 14 92 81 35 90 43 86 62 27 13 94 88 33 93 16 93 89 89 64 61 43 43 24 66 51 73 10 49 33 94 48 37 28 55 16 16 97 27 17 66 55 54 14 14 61 44 61 49 17 24 56 73 89 83 41 44 91 71 63 15
37 16 19 81 28 56 52 57 54 30 70 28 82 15 52 57 32 50 40 20 87 31 14 53 33 76 14 84 79 40 53 46 72 70 30 11 86 77 11 91 52 23 92 69 68 63 27 71 12 47 21 23 95 52 33 83 41 72 78 50 27 47 32 44 46 12 19 30 13 24 34 35 32 98 62 79 90 49 68 77 66 89 62 55 64 32 98 43 85 67 89 59 63 61 51 61 40 57 70 31
86 22 82 80 27 79 94 63 94 97 10 65 50 31 68 76 63 92 86 96 19 14 30 86 93 96 85 42 73 89 53 42 88 53 57 98 63 94 89 62 22 69 96 70 46 90 13 88 76 77 24 49 63 56 87 61 75 84 52 26 82 76 26 55 42 27 43 77 15 51 65 31 72 71 97 41 87 63 75 75 63 19 50 30 11 57 90 96 14 34 23 17 38 12 69 82 96 53 32 37
33 27 65 16 73 65 15 84 97 67 87 64 24 53 78 61 28 29 85 81 98 29 92 51 73 45 29 46 38 86 69 66 83 63 13 76 88 85 46 12 81 85 85 83 42 73 68 99 46 86 88 66 94 82 80 78 28 72 42 16 36 25 87 63 44 75 17 78 77 24 78 62 12 19 73 38 59 97 22 45 83 33 60 87 89 29 43 48 63 71 63 51 52 16 52 92 43 17 62 41
93 51 69 21 89 51 29 94 25 47 20 54 80 26 32 80 33 57 29 13 27 35 89 93 12 40 64 98 52 53 89 52 78 19 53 58 38 73 65 90 62 68 18 23 28 27 35 30 88 54 22 31 83 26 55 74 81 92 42 69 90 67 28 63 54 85 57 24 91 14 57 14 12 49 61 95 33 42 47 29 34 27 30 91 42 36 15 61 99 31 28 94 84 69 94 40 65 34 62 52
97 21 15 55 37 20 25 63 35 47 93 67 68 21 69 50 69 78 76 34 14 77 82 13 52 75 72 35 65 80 87 77 59 20 69 53 65 67 17 51 28 45 40 57 18 12 34 84 19 45 53 38 92 83 17 32 15 87 16 60 42 98 17 58 52 46 44 79 57 71 64 36 62 81 13 20 18 67 29 24 63 98 45 62 26 24 65 52 71 83 16 89 40 21 99 12 75 71 53 27
26 73 12 72 22 13 81 12 94 91 23 65 17 74 96 54 76 13 94 96 39 52 20 78 54 90 85 15 14 13 90 51 50 86 72 67 61 82 95 15 16 41 78 80 49 61 67 84 16 27 79 45 66 74 91 42 85 83 59 41 20 78 49 89 55 83 97 42 28 95 46 22 95 79 85 57 90 57 75 43 22 35 25 80 55 95 91 41 42 53 86 89 32 33 79 36 26 24 99 75
67 12 31 47 41 58 37 90 26 93 12 48 46 52 40 66 62 73 86 68 52 65 45 94 61 94 98 53 23 73 72 92 25 15 65 62 33 20 99 54 86 46 28 19 78 97 21 73 12 96 80 74 68 68 15 91 27 18 68 12 20 44 11 71 59 25 92 64 45 78 49 71 27 71 27 15 81 18 74 86 29 66 62 82 75 81 99 82 49 19 11 61 13 10 32 57 13 93 73 92
16 10 34 77 98 62 39 94 80 71 20 88 72 25 55 69 45 20 53 54 64 51 64 32 63 49 74 36 19 43 58 50 31 81 31 13 13 29 76 17 40 65 86 16 72 80 37 24 46 55 98 48 46 82 45 60 31 51 49 36 92 59 52 46 86 54 49 38 69 73 96 19 14 22 68 99 71 61 86 50 77 19 22 88 51 68 41 70 30 25 64 73 32 15 71 37 17 31 40 32
15 56 53 92 21 56 72 67 28 61 97 74 70 45 41 39 17 22 63 95 86 24 88 77 90 56 29 79 47 85 81 51 66 52 71 94 84 74 15 51 44 93 54 77 54 54 30 89 89 96 91 76 26 39 66 90 36 36 86 51 83 34 33 71 98 30 30 83 15 55 81 47 52 54 52 53 19 24 86 58 77 42 18 89 23 76 47 97 57 75 46 72 13 83 78 91 73 36 31 28
64 79 31 98 11 85 78 12 33 87 75 17 48 54 71 11 79 25 85 47 97 79 91 90 15 94 14 34 71 63 15 87 91 36 20 34 20 98 56 28 18 94 43 44 51 55 49 26 38 52 47 81 32 88 21 40 62 31 54 66 82 40 68 25 94 34 76 49 12 97 92 48 26 78 13 52 94 53 43 78 29 68 12 33 59 46 73 59 43 39 83 71 44 28 41 45 33 61 46 84
51 48 45 40 98 11 78 24 78 41 76 42 51 58 82 45 98 86 42 94 85 30 22 14 84 88 20 36 85 48 68 59 89 64 86 99 55 94 23 15 75 27 66 82 70 20 14 39 84 22 62 38 12 27 98 48 50 26 55 38 52 39 96 77 65 82 37 62 69 12 13 95 45 24 95 11 67 18 15 48 71 62 40 30 87 59 84 87 96 23 50 80 98 15 50 78 72 74 39 18
51 20 18 59 65 20 44 79 50 16 49 46 89 74 39 81 62 63 28 56 77 94 23 95 22 53 15 97 62 65 58 36 14 21 39 73 40 61 92 54 29 91 73 40 91 13 59 80 85 28 87 68 84 57 45 16 26 54 93 48 26 40 44 62 98 30 40 16 60 62 71 30 52 85 34 12 67 45 42 55 37 16 49 81 84 11 15 46 35 68 23 90 42 57 69 17 85 54 48 48
59 76 18 89 14 87 92 42 50 51 69 69 69 51 47 41 34 85 16 88 64 47 65 86 47 54 43 43 22 92 73 37 70 66 32 63 45 57 22 96 47 42 62 93 51 85 71 82 13 91 34 70 52 85 84 59 17 19 36 67 55 16 28 67 59 75 34 86 95 42 68 87 89 96 64 12 42 41 77 64 80 73 27 81 13 72 65 88 50 64 60 95 64 78 93 97 90 86 98 17
52 60 46 85 66 63 65 85 66 51 77 89 68 20 58 48 11 21 43 97 63 62 62 84 41 35 41 34 89 96 47 77 53 65 96 68 17 45 43 79 96 23 64 25 29 38 52 49 67 46 31 40 95 97 59 92 21 50 24 55 83 95 84 98 66 51 65 35 76 20 94 73 21 49 23 70 85 49 27 52 64 76 63 62 10 70 61 12 99 63 45 24 52 76 39 46 59 55 63 17
75 21 47 56 79 39 48 13 71 26 81 84 19 85 58 38 46 82 39 14 24 35 10 21 88 68 62 67 53 52 36 21 41 10 31 37 18 83 46 33 61 95 70 96 45 80 76 59 85 54 55 68 25 14 67 47 31 19 65 69 58 54 16 38 37 69 92 21 65 85 33 65 84 20 42 70 75 18 97 86 54 32 68 82 58 28 42 20 76 49 79 39 22 19 13 18 80 71 76 19
68 57 89 30 98 43 60 85 66 44 60 11 78 48 92 72 23 77 78 36 72 93 25 53 22 51 46 47 83 79 46 74 68 96 66 78 27 58 72 49 26 51 23 54 50 88 27 85 81 87 84 99 62 94 15 59 26 83 56 99 48 37 80 19 46 75 53 57 89 65 12 78 77 15 82 32 27 92 86 15 50 75 52 82 83 97 89 52 87 53 71 77 47 56 62 43 68 13 89 91
45 33 40 61 77 82 82 39 60 88 64 48 49 38 65 78 76 37 91 95 25 85 63 99 25 97 69 46 21 17 61 20 56 80 42 50 94 47 49 85 63 20 95 29 51 63 46 54 24 51 12 56 19 85 48 14 76 17 38 53 25 18 51 96 90 96 79 35 78 60 14 31 12 44 84 40 67 87 89 92 12 36 93 14 70 20 13 31 64 10 51 49 33 72 99 69 47 14 22 56
29 80 70 26 21 35 38 96 61 34 70 25 18 83 74 48 44 44 48 20 89 75 74 16 31 31 78 30 91 13 53 78 51 80 72 15 91 85 64 87 85 68 89 59 77 39 39 58 21 69 98 86 91 17 46 79 85 37 72 58 48 38 43 28 13 48 99 24 46 44 85 42 83 92 88 94 53 81 82 31 54 93 12 90 27 45 16 28 16 94 24 96 71 31 19 35 33 17 95 14
68 88 91 57 61 55 73 19 37 47 99 23 13 38 41 38 83 80 91 59 20 45 73 59 62 49 52 66 12 19 32 24 26 85 63 71 59 66 18 92 75 73 61 67 17 96 86 77 65 26 93 24 65 20 39 57 97 62 58 56 66 72 57 90 83 50 48 87 54 37 96 37 44 92 93 40 14 79 92 48 86 30 70 61 20 11 29 69 42 78 45 45 66 97 70 70 29 54 51 72
83 87 74 82 35 41 79 67 46 29 65 14 41 50 65 16 16 49 94 97 95 35 24 91 23 48 53 70 97 98 41 18 21 84 25 57 97 78 80 55 79 11 69 96 38 12 80 19 87 97 12 52 50 69 45 54 98 12 71 95 49 55 16 17 70 43 66 56 78 13 65 93 50 82 83 10 16 30 52 78 22 12 57 45 42 86 66 61 53 65 46 36 73 82 57 90 55 77 21 58
40 75 24 23 73 76 55 79 92 90 36 56 60 25 74 89 61 26 20 81 57 90 24 86 56 72 53 48 68 90 64 26 90 12 26 42 65 33 89 76 92 65 14 29 46 77 12 52 94 18 96 90 34 17 95 92 27 56 64 95 13 67 88 43 71 85 88 72 84 23 86 59 17 47 69 52 37 26 55 83 33 50 95 22 24 97 83 66 23 23 65 46 42 69 24 19 62 51 12 24
15 70 50 76 13 67 46 66 85 69 15 53 85 22 39 82 37 37 28 31 10 48 33 61 38 93 45 83 44 66 88 90 87 92 75 47 13 37 25 73 71 84 39 16 92 40 71 98 13 67 47 50 19 59 75 20 67 28 45 35 43 43 61 51 69 21 57 92 90 27 61 68 60 46 91 53 48 77 48 43 87 90 64 33 49 13 23 17 67 12 67 76 54 71 38 80 71 45 53 59
75 42 26 34 80 46 22 49 88 39 91 46 57 60 10 33 63 41 88 65 68 70 68 78 91 87 57 21 98 64 30 35 85 49 81 54 73 24 20 15 37 85 30 14 29 85 78 11 58 24 86 81 81 38 56 71 70 75 54 42 30 80 19 70 86 45 73 60 83 73 95 91 85 66 56 15 23 71 95 82 94 84 95 82 89 23 62 39 41 65 60 96 14 97 11 63 73 18 17 64
87 17 43 69 73 80 86 24 25 32 31 51 88 79 50 57 23 19 96 93 45 57 88 43 79 58 79 77 33 62 16 67 61 88 90 75 22 76 54 96 28 24 22 86 72 30 13 90 73 21 92 35 21 53 63 62 92 73 43 30 11 17 97 39 70 93 94 31 61 17 68 88 58 15 63 62 83 51 63 24 50 94 22 73 43 33 48 63 33 19 57 97 31 25 58 51 50 87 57 80
18 97 35 60 23 68 24 96 82 65 40 10 80 48 41 57 63 81 20 36 69 75 48 20 28 34 32 74 56 10 51 22 20 16 57 97 22 65 75 76 56 41 37 11 32 82 43 38 37 10 14 98 31 19 43 17 92 85 27 40 89 24 82 21 49 57 47 28 49 23 92 18 67 81 17 21 82 20 82 60 67 91 60 50 38 76 57 90 86 31 91 51 66 93 65 85 23 91 94 83
72 73 38 76 91 69 23 16 32 22 50 89 41 26 57 49 53 13 23 53 58 25 39 80 13 81 51 26 72 36 76 54 34 35 48 17 75 72 69 94 69 88 73 26 70 64 39 78 54 47 91 22 41 31 96 58 88 42 18 45 52 61 71 93 44 40 87 76 29 22 77 58 31 41 60 57 88 85 81 67 47 73 21 44 98 56 32 74 17 24 61 94 53 54 69 95 52 23 16 59
17 92 26 13 83 22 31 16 27 67 72 94 46 70 46 32 18 87 19 61 29 44 97 94 20 52 53 28 19 10 55 56 77 69 39 22 75 96 60 69 13 68 72 16 86 79 24 41 23 43 28 78 11 99 47 57 37 29 65 37 51 83 51 79 24 62 87 30 51 89 78 22 22 13 79 29 45 95 41 71 87 83 92 43 42 44 45 36 58 63 32 43 41 21 70 43 51 89 49 27
21 65 90 58 47 50 36 50 29 18 28 84 42 13 39 23 20 16 39 90 19 59 97 82 12 40 70 19 96 39 39 21 51 34 13 68 31 77 51 86 14 61 66 38 92 91 79 50 17 13 75 57 74 80 47 35 85 18 57 33 58 47 94 90 44 84 34 59 22 14 47 36 65 64 92 85 11 65 73 42 67 49 67 11 60 10 58 89 30 35 48 62 74 67 96 29 59 16 52 20
12 88 79 90 65 40 42 55 76 32 38 31 56 43 32 72 28 85 61 91 72 27 58 50 47 26 57 36 45 20 12 69 62 37 97 10 38 84 28 23 89 24 17 83 46 59 13 22 35 60 53 51 21 98 55 85 43 19 97 21 39 74 24 19 23 68 91 27 45 19 56 43 16 71 66 69 41 21 43 69 18 79 50 90 46 16 36 21 19 12 70 37 77 59 50 27 49 15 21 34
74 71 67 39 72 62 17 14 44 71 11 36 59 68 44 83 83 34 69 75 22 29 25 49 97 48 26 98 11 12 42 58 10 78 83 54 87 96 70 47 53 41 63 32 22 63 44 10 52 46 68 89 30 32 94 48 85 98 50 70 19 72 33 54 61 35 81 36 39 17 37 72 33 11 67 52 66 19 74 43 69 72 85 87 88 80 72 31 97 56 34 86 73 37 72 27 15 48 86 85
25 73 26 30 43 88 36 75 74 52 79 29 14 34 95 69 20 22 43 18 94 69 89 42 16 23 69 87 41 93 50 75 64 58 69 69 18 98 76 78 65 63 47 55 96 96 52 49 80 12 56 54 39 93 23 17 28 68 68 83 56 68 32 97 66 65 66 38 26 63 57 87 71 36 46 47 63 50 22 11 24 89 70 27 22 20 91 78 42 81 53 12 33 52 76 50 75 86 57 12
42 74 18 71 70 78 53 75 75 60 12 35 82 40 51 53 56 81 63 62 41 83 12 15 88 83 54 72 64 71 99 12 34 84 43 72 11 22 54 96 74 32 60 28 58 27 48 15 64 96 84 68 53 70 26 17 92 20 38 23 93 39 17 67 53 57 63 20 19 48 38 81 62 12 23 57 32 92 53 53 44 26 82 29 97 85 54 63 70 47 44 54 97 82 93 19 65 12 48 23
69 65 94 28 86 67 15 86 17 70 98 43 74 48 25 11 84 93 95 15 44 82 63 18 85 27 87 71 93 21 34 55 59 46 54 50 27 86 90 37 98 86 59 68 28 81 46 39 70 28 47 40 70 86 63 30 41 22 34 50 88 97 35 68 22 21 30 17 10 47 41 56 41 97 44 45 63 50 33 18 85 92 92 27 19 11 76 96 11 55 55 91 35 84 65 13 18 20 46 69
34 51 39 93 76 29 25 24 91 46 75 33 32 22 54 79 84 39 43 74 53 23 47 44 23 68 34 31 11 78 55 30 30 38 18 88 40 29 55 71 17 78 62 84 18 48 55 72 37 98 48 74 29 98 61 53 95 25 78 65 18 72 47 95 76 13 64 60 91 34 97 43 37 44 20 71 48 50 29 42 96 94 17 47 72 45 17 87 77 88 82 62 47 68 92 97 44 14 52 24
59 32 86 32 25 91 36 10 96 62 34 59 45 38 48 89 39 30 68 51 94 35 18 47 17 26 62 87 96 76 90 84 35 33 57 70 34 31 26 48 30 78 50 87 11 49 70 63 57 63 95 19 91 19 16 54 65 36 16 65 91 91 58 63 65 29 60 47 74 84 89 86 35 95 48 16 95 11 28 90 23 76 52 58 19 26 82 36 89 20 70 73 20 45 10 52 96 88 26 20
40 29 81 42 16 47 85 91 67 52 90 16 12 16 75 44 13 54 94 20 21 94 13 84 34 87 43 93 98 53 12 75 83 43 55 46 45 64 14 73 22 58 32 45 90 85 90 67 22 51 31 90 71 14 15 65 84 52 71 38 42 92 17 69 73 94 13 89 69 63 16 92 26 89 24 27 46 59 17 32 95 97 45 40 33 31 99 50 83 75 93 57 65 89 79 48 82 77 62 19
26 43 61 78 27 35 97 12 61 89 60 34 52 20 76 81 50 96 72 21 74 83 97 82 83 57 54 31 37 29 44 62 59 26 23 46 17 38 85 12 56 10 65 39 21 37 70 12 52 65 66 57 62 78 21 31 72 53 98 83 37 36 87 56 43 64 51 35 13 90 19 14 42 35 65 32 94 36 96 65 66 26 53 12 56 24 97 80 57 62 47 92 14 56 93 67 66 33 18 64
22 29 88 12 77 32 75 68 86 40 95 57 62 71 51 65 21 81 56 81 37 98 50 15 12 88 77 21 53 80 91 15 36 50 95 59 28 68 33 25 38 59 38 41 44 81 80 77 96 56 31 89 13 34 24 27 50 83 22 49 31 58 82 30 11 23 84 95 81 26 27 51 93 25 58 79 47 62 35 45 54 78 30 33 45 67 14 68 23 18 66 70 97 67 20 65 52 75 70 51
18 90 46 66 49 79 58 46 34 88 61 46 47 91 29 28 21 88 37 79 64 17 27 87 96 45 89 57 83 99 12 51 85 37 85 18 23 31 74 23 29 92 77 19 87 61 75 65 47 46 71 90 94 91 23 81 78 35 27 44 76 73 26 51 41 40 74 78 47 36 43 69 48 55 30 15 29 38 60 81 27 38 61 58 41 57 28 92 28 64 18 69 98 23 38 67 16 64 18 37
40 58 30 90 20 21 61 37 92 59 20 17 67 86 17 61 17 97 72 85 80 68 66 15 21 37 42 13 30 26 72 46 44 47 82 37 78 35 71 56 79 55 27 14 62 21 65 30 48 92 60 49 56 11 62 71 25 64 51 35 53 71 92 35 77 73 30 64 54 86 42 89 29 64 58 82 64 71 46 42 81 76 88 59 94 96 74 47 97 56 82 13 93 60 71 41 38 94 62 28